9312097055414
9312097055421
9312097055438
9312097055445
9312097055452
9312097055469
9312097055476
9312097055483
9312097055490
9312097055506
9312097055513
9312097055520
9312097018679
8000924076510
8000924076527
8000924076534
8000924076763
8000924076770
8009665002932
8000924076541
8000924076558
8009665076780
8009665076797
8000924076800
8000924076640
8001244008878
6416031854163
6416031854200
6416031854217
6416031854255
6416031854262
6416031854279
6416031854330
6416031854347
6416031854354
6416031854415
6416031854422
6416031854439
6416031854514
6416031854521
6416031854538
6416031854644
6416031854651
6416031854668
6418677169472
6418677169489
6418677169496
6418677169502
6418677169519
