4607177993591
4607177993614
4607177993607
4607177993621
8032880900158
8032880900141
8032880900134
8032880900189
8032880900172
8032880900165
8032880900219
8032880900202
8032880900196
8032880900233
8032880900226
8032880904866
8032880904866
8032880903180
8032880903227
3700313911129
3700313911136
3700313911143
3700313911150
3700313911167
3700313911174
3700313911327
3700313911334
3700313911341
3700313911181
3700313911198
3700313911204
6118001121113
6118001120987
6118001120970
6118000090151
6118000010227
6118001180523
6118001180530
4718905917694
4718905917717
4718905917724
4718905917700
4718905917731
8032880902596
8032880902589
803880902572
8032880902626
8032880902619
8032880902602
8032880902657
8032880902640
8032880902633
8032880904781
8032880902671
8032880902664
8032880902688