164 116
193 136
221 156
248 175
275 194
303 213
330 233
356 251
368 259
376 266
383 270
388 273
390 275
392 277
404 284
422 298
441 311
458 323
475 335
491 347
509 359
525 371
542 383
559 395
575 407
593 418
609 430
626 442
643 454
659 466
677 478
693 490
709 502
726 513
742 525
759 536
775 548
791 559
143 133
168 156
193 179
217 201
240 223
264 245
288 267
311 288
321 298
328 305
334 310
339 314
341 316
343 318
352 326
368 341
385 357
400 371
414 384
429 398
443 411
458 425
473 439
488 452
502 466
517 479
532 493
546 506
561 520
575 533
591 547
605 560
837 574
855 587
874 601
892 614
910 627
928 640
242 299
285 352
327 404
367 453
407 503
447 552
487 601
526 650
542 670
556 686
566 699
573 708
575 711
578 713
596 736
623 770
651 805
677 836
701 866
726 897
751 928
776 959
800 989
825 1019
850 1050
875 1081
899 1112
924 1142
949 1172
974 1203
998 1233
1021 1262
1044 1290
1067 1319
1089 1346
1112 1374
1134 1401
1155 1428
157 194
185 228
212 262
238 294
264 326
289 358
315 390
341 421
351 435
360 445
367 453
371 459
373 461
375 463
386 477
404 500
422 522
438 542
455 562
470 581
487 602
503 621
518 641
535 661
551 681
567 701
583 721
599 740
615 761
631 780
647 800
662 818
677 620
692 634
707 649
722 663
736 677
750 691
1200 264
1400 307
1600 347
1800 387
2000 427
2200 467
2400 506
2600 534
2800 549
3000 561
3200 569
3400 574
3600 577
3800 581
4000 609
4200 638
4400 664
4600 689
4800 713
5000 738
5200 763
5400 788
5600 812
5800 837
6000 862
6200 887
6400 911
6600 936
6800 961
7000 986
7200 1009
7400 1033
7600 1055
7800 1078
8000 1100
8200 1123
8400 1144
8600 1166
