9512202
9516703
9449261
9512214
9449273
9382009
7306570
7424891
7036345
7905069
6622642
8422852
8604668
7020126
6719419
7322926
7322897
9319856
7332218
6803961
7905443
9037537
7388267
8707240
8729509
7385174
8713392
5062479
6607666
9042001
6818930
6905408
7321374
8026608
8504765
7625017
9004188
5055232
7419353
8831297
7619587
9262209
9241267
7708948
9262223
7619587
7702401
7360124
7360136
9262235
9216303
4906551
4906551
8112550
8402008
8511275
8616609
8207941
7012179
7504249
7813901
7393169
8108377
8517205
7024550
8418514
7801881
8420660
8604606
9240158
8506505
8007157
8831596
7907233
8959154
7604697
8926652
8931205
9201542
8128937
8866010
8711772
8955469
craine
9151096
8313104
8821486
9143312
7632278
8622787
7726706
7632280
9111591
9136541
8867026
8866735
9122887