1225155880
1649397217
1578680153
1346368917
1487772901
1427176981
1649398108
1710005053
1093833576
1568580058
1043338445
1932227287
1003934357
1700904067
1851589386
1245206481
1275651051
1497885560
1801092010
1184742066
1437134962
1508063728
1831218593
1801871363
1790970788
1275652968
1215113022
1194844803
1982723532
1114199809
1407975162
1053502385
1245359611
1013193721
1265551949
1982723672
1043339732
1558548578
1184800898
1013997261
1881713584
1831319524
1972622595
1851579551
1710006333
1750501565
1275651226
1700904737
1629196704
1891813804
1467570374
1427176379
1386829521
1053439885
1699893354
1164553772
1699894378
1194786046
1548389216
1851589386
1053502385
1013193721
1760500789
1437134962
1801871363
1215113022
1114199809
1023136868
1023136868
1700090701
1104930304
1255508909
1881807220
1275651010
1740308063
1194844712
1164616298
1225158918
1306965025
1154440673
1023137734
1467570846
1104046895
1629283031
1619095627
1972621993
1487772307
1538287461
1417075201
1225156029