648018096044
648018096020
648018096037
648018096013
023614398387
023614398288
023614398325
023614398295
023614398301
023614398318
023614073291
023614073321
023614067849
023614067917
023614232346
023614238904
023614067955
023614067979
023614067962
023614067924
023614067993
023614247821
023614247814
023614234258
844802029575
844802029582
844802029599
844802029605
844802029612
844802059626
844802059633
844802059640
844802059657
844802059664
844802037839
844802037846
844802037853
844802037860
844802037877
844802029636
844802029643
844802029650
844802029667
844802029674
844802112772
844802212625
844802212649
844802193801
844802029629
844802037815
844802059671
844802059824
844802037884
844802037891
844802029681
844802037822
751906002314
751906002321
029757360076
029757360052
855468003052
855468003052
